640,0,594,0-67,0,620,0-650
13,0,480,0-265,22,564,0-359
239,0,196,0-734,0,481,0-781
553,21,562,0-487,21,406,0-223
654,28,154,0-237,0,650,0-942
155,13,535,0-399,0,759,0-490
15,17,687,0-795,0,65,0-1420
163,0,776,0-605,0,43,0-1190
308,0,798,0-31,22,275,0-831
484,0,609,0-736,0,396,0-504
731,0,807,0-437,0,404,0-732
745,18,820,0-590,0,455,0-539
137,0,374,0-99,25,36,0-446
139,0,506,0-222,10,264,0-336
688,0,446,0-797,16,641,0-331
308,0,431,0-519,0,395,0-258
587,24,359,0-546,0,599,0-306
417,22,598,0-237,0,344,0-457
698,0,29,0-286,21,620,0-1025
687,0,712,0-167,29,715,0-577
